-------------------------------------------------------------------------------------------------------------------------------------------------------------------------------------------------------------------------------------------------------------------------------------------------------------------------------------------------------------------------------------------------------------------------------------------------------------------------------------------------
  Bin Id                             Marker lineage            # genomes   # markers   # marker sets   Completeness   Contamination   Strain heterogeneity   Genome size (bp)   # ambiguous bases   # scaffolds   # contigs   N50 (scaffolds)   N50 (contigs)   Mean scaffold length (bp)   Mean contig length (bp)   Longest scaffold (bp)   Longest contig (bp)     GC    GC std (scaffolds > 1kbp)   Coding density   Translation table   # predicted genes    0     1     2    3    4    5+  
-------------------------------------------------------------------------------------------------------------------------------------------------------------------------------------------------------------------------------------------------------------------------------------------------------------------------------------------------------------------------------------------------------------------------------------------------------------------------------------------------
  metabat.232.contigs             k__Bacteria (UID203)            5449        104            58           100.00           9.47               5.00               9307443                0               1132         1132          20543            20543                  8222                       8222                    216058                 216058         46.52              8.26                 82.06                11                 8418          0     84    20   0    0    0   
  metabat.75_sub.contigs        o__Rhizobiales (UID3447)          356         416           249           99.40           41.78              42.62               5680292                0               596          596           32217            32217                  9530                       9530                    189053                 189053         51.40              1.72                 90.40                11                 5930          2    243   165   6    0    0   
  metabat.114.contigs            k__Bacteria (UID2495)            2993        147            91           98.90            5.49               0.00               3136783                0               159          159           38034            38034                 19728                      19728                    194998                 194998         66.50              1.45                 92.97                11                 3003          1    142    3    1    0    0   
  metabat.369.contigs       c__Alphaproteobacteria (UID3305)      564         349           230           98.84            1.61              33.33               4827758                0               451          451           16342            16342                 10704                      10704                    64488                  64488          54.62              1.69                 87.96                11                 4976          4    339    6    0    0    0   
  76_sub.contigs                 k__Bacteria (UID3187)            2258        188           117           98.19           13.08              38.10               8669294                0               824          824           12700            12700                 10520                      10520                    101887                 101887         57.41              2.04                 86.77                11                 9035          4    165    18   1    0    0   
  metabat.306.contigs            k__Bacteria (UID3187)            2258        187           116           98.17            3.62               0.00               3723031                0               208          208           34731            34731                 17899                      17899                    162607                 162607         49.82              2.12                 84.86                11                 3552          4    177    5    1    0    0   
  metabat.99_sub.contigs          k__Bacteria (UID203)            5449        104            58           98.12           20.27              15.15               8426668                0               1181         1181           9216             9216                  7135                       7135                    44101                  44101          63.07              2.24                 87.78                11                 8603          2     73    27   2    0    0   
  metabat.31.contigs        c__Deltaproteobacteria (UID3216)       83         247           155           97.92            5.23              25.00               4771452                0               533          533           13060            13060                  8952                       8952                    68135                  68135          41.72              2.66                 83.88                11                 4744          7    224    16   0    0    0   
  metabat.330.contigs       c__Alphaproteobacteria (UID3337)      468         388           250           97.90            1.20              50.00               4721925                0               138          138           87255            87255                 34216                      34216                    369755                 369755         63.05              3.17                 88.90                11                 4611          8    376    4    0    0    0   
  metabat.364_sub.contigs       o__Rhizobiales (UID3449)          345         431           258           97.60            4.60              61.29               3704915                0               250          250           25120            25120                 14819                      14819                    95083                  95083          52.17              1.58                 90.02                11                 3796          9    391    31   0    0    0   
  metabat.389.contigs            k__Bacteria (UID3187)            2258        190           119           96.64            2.52              33.33               2334846                0                48           48           91359            91359                 48642                      48642                    173077                 173077         39.91              1.77                 91.70                11                 2381          4    183    3    0    0    0   
  metabat.95.contigs             k__Bacteria (UID2982)             88         230           148           96.62           31.81              12.00               5606275                0               914          914            7177             7177                  6133                       6133                    42270                  42270          52.82              2.25                 88.50                11                 5467          6    167    48   9    0    0   
  metabat.79_sub.contigs         s__algicola (UID2846)             47         571           303           96.37           32.10              24.86               4409049                0               364          364           17586            17586                 12112                      12112                    86552                  86552          41.59              1.38                 91.42                11                 4428          30   388   142   9    2    0   
  metabat.237.contigs       c__Betaproteobacteria (UID3959)       235         414           210           96.35            0.16               0.00               1994712                0                51           51           75032            75032                 39112                      39112                    233827                 233827         39.84              2.99                 87.20                11                 1988          13   400    1    0    0    0   
  metabat.80.contigs        c__Gammaproteobacteria (UID4267)      119         544           284           96.31            9.06               9.30               5685070                0               357          357           33723            33723                 15924                      15924                    132328                 132328         60.60              2.03                 88.44                11                 5623          15   492    34   3    0    0   
  metabat.5_sub.contigs     c__Alphaproteobacteria (UID3305)      564         349           230           96.03            3.03              66.67               6099336                0               459          459           21364            21364                 13288                      13288                    101801                 101801         60.09              3.66                 88.89                11                 6075          22   312    15   0    0    0   
  metabat.206.contigs       c__Gammaproteobacteria (UID4267)      119         544           284           95.82            2.95              33.33               2603229                0               253          253           14468            14468                 10289                      10289                    80551                  80551          47.63              2.13                 92.33                11                 2772          22   504    18   0    0    0   
  metabat.403.contigs       c__Gammaproteobacteria (UID4267)      119         544           284           95.80            9.50               2.00               3496492                0               291          291           22594            22594                 12015                      12015                    82333                  82333          39.49              1.77                 85.98                11                 3830          16   482    44   2    0    0   
  metabat.408_sub.contigs         k__Bacteria (UID203)            5449        104            58           95.69           33.59              64.38               6485357                0               571          571           16210            16210                 11357                      11357                    66284                  66284          57.41              1.60                 90.53                11                 6652          3     62    27   10   1    1   
  metabat.110.contigs            k__Bacteria (UID3187)            2258        188           117           95.51            1.78               0.00               4513671                0               142          142           62055            62055                 31786                      31786                    194502                 194502         63.53              0.79                 93.68                11                 3872          7    178    3    0    0    0   
  metabat.163.contigs            k__Bacteria (UID2495)            2993        147            91           95.40            8.16              15.38               5217774                0               348          348           26257            26257                 14993                      14993                    132674                 132674         67.64              1.11                 91.66                11                 4618          7    127    13   0    0    0   
  metabat.436_sub.contigs        k__Bacteria (UID2565)            2921        143            87           95.33           12.05              22.22               13666065               0               1334         1334          24007            24007                 10244                      10244                    144195                 144195         56.00              1.22                 88.03                11                11520          5    113    24   1    0    0   
  metabat.52.contigs             k__Bacteria (UID2570)            433         270           179           95.33            2.92              14.29               6060388                0               650          650           13514            13514                  9323                       9323                    59184                  59184          34.16              2.10                 89.12                11                 5768          18   245    7    0    0    0   
  metabat.409.contigs             k__Bacteria (UID203)            5449        104            58           95.30           40.86              30.00               4339623                0               739          739            6758             6758                  5872                       5872                    53250                  53250          63.33              1.17                 92.68                11                 4924          10    58    34   2    0    0   
  metabat.422.contigs            s__algicola (UID2846)             47         571           303           95.23            4.58              44.44               3016190                0               345          345           11487            11487                  8742                       8742                    51297                  51297          44.63              1.69                 92.81                11                 3052          23   523    24   1    0    0   
  metabat.154.contigs       c__Deltaproteobacteria (UID3216)       83         247           155           94.75            5.40              72.73               6181138                0               820          820            9565             9565                  7537                       7537                    55591                  55591          50.66              3.04                 86.85                11                 6034          13   223    11   0    0    0   
  metabat.270.contigs             k__Bacteria (UID203)            5449        103            57           94.74            6.62              35.29               3837672                0               314          314           18138            18138                 12221                      12221                    75908                  75908          62.54              1.16                 94.75                11                 3677          3     83    17   0    0    0   
  metabat.223.contigs       c__Gammaproteobacteria (UID4202)       67         481           276           94.31           10.70              34.88               3556156                0               248          248           21606            21606                 14339                      14339                    89081                  89081          61.69              1.35                 93.44                11                 3366          29   411    40   1    0    0   
  207_sub.contigs           c__Gammaproteobacteria (UID4274)      112         581           290           94.15            7.12              63.64               3044358                0               582          582            6628             6628                  5230                       5230                    33798                  33798          50.27              3.68                 89.36                11                 3457          36   505    38   2    0    0   
  213_sub.contigs                k__Bacteria (UID2982)             88         229           147           94.04           12.27              20.00               9639163                0               1103         1103          11484            11484                  8739                       8739                    74935                  74935          59.57              1.58                 92.84                11                 8725          12   196    18   2    1    0   
  metabat.456.contigs       c__Gammaproteobacteria (UID4267)      119         544           284           93.95            3.47              23.53               3182185                0               121          121           40185            40185                 26299                      26299                    120749                 120749         63.22              1.20                 91.93                11                 3052          29   500    14   1    0    0   
  metabat.19.contigs        c__Gammaproteobacteria (UID4274)      112         581           290           93.56            2.74              23.08               2689439                0               120          120           45345            45345                 22411                      22411                    140536                 140536         44.31              2.06                 89.34                11                 2780          25   543    13   0    0    0   
  metabat.148.contigs       c__Gammaproteobacteria (UID4267)      119         544           284           93.53            8.56              24.07               7484872                0               689          689           15849            15849                 10863                      10863                    63844                  63844          70.46              2.23                 87.54                11                 6943          30   468    42   4    0    0   
  83_sub.contigs                  k__Bacteria (UID203)            5449        104            58           93.51           20.14              36.67               4459065                0               263          263           34355            34355                 16954                      16954                    115064                 115064         50.53              3.16                 87.30                11                 4165          10    66    27   1    0    0   
  metabat.238.contigs        g__Propionibacterium (UID1709)        27         904           205           93.43            1.14              43.75               2417321                0               227          227           15518            15518                 10648                      10648                    53239                  53239          60.14              2.06                 89.80                11                 2418          38   850    16   0    0    0   
  maxbin.0317_sub.contigs         k__Bacteria (UID203)            5449        104            58           93.13           37.10               6.90               6274520                0               1747         1747           5624             5624                  3591                       3591                    36689                  36689          55.79              4.17                 86.46                11                 7035          10    64    24   2    3    1   
  metabat.53.contigs             k__Bacteria (UID3187)            2258        188           117           93.11            4.70              33.33               4018662                0               348          348           16656            16656                 11547                      11547                    71464                  71464          58.39              1.18                 93.08                11                 3694          11   171    6    0    0    0   
  metabat.269.contigs       c__Deltaproteobacteria (UID3216)       83         247           155           92.75            5.02              30.77               4208597                0               212          212           35426            35426                 19851                      19851                    89562                  89562          65.84              1.19                 93.81                11                 3881          15   219    13   0    0    0   
  maxbin.0204_sub.contigs         k__Bacteria (UID203)            5449        102            56           92.69           31.67               7.69               7289500                0               2280         2280           4131             4131                  3197                       3197                    30820                  30820          46.47              5.15                 82.42                11                 8374          6     67    24   5    0    0   
  metabat.90.contigs        c__Gammaproteobacteria (UID4267)      119         544           284           92.45           13.71               3.80               6334741                0               624          624           14622            14622                 10151                      10151                    57407                  57407          64.62              1.75                 91.10                11                 6159          48   431    58   7    0    0   
  metabat.262.contigs            k__Bacteria (UID3187)            2258        188           117           92.37           13.06               9.09               5245125                0               653          653           11363            11363                  8032                       8032                    58454                  58454          65.47              6.01                 90.68                11                 4852          15   153    19   1    0    0   
  metabat.358.contigs       c__Gammaproteobacteria (UID4267)      119         544           284           92.10           18.12               3.67               5317578                0               897          897            7110             7110                  5928                       5928                    35638                  35638          62.47              4.41                 86.22                11                 5497          59   382   100   3    0    0   
  metabat.378.contigs       c__Alphaproteobacteria (UID3305)      564         349           230           92.09            7.31              39.13               4411167                0               527          527           11046            11046                  8370                       8370                    45770                  45770          62.42              2.53                 89.01                11                 4530          24   304    20   1    0    0   
  metabat.29.contigs        c__Gammaproteobacteria (UID4443)      356         451           270           92.04           13.33               4.55               6455190                0               459          459           25060            25060                 14063                      14063                    125024                 125024         58.66              1.66                 92.42                11                 6437          24   369    54   4    0    0   
  metabat.334.contigs            k__Bacteria (UID2569)            434         278           186           91.83           12.69               6.06               7790330                0               1018         1018           9619             9619                  7652                       7652                    57624                  57624          35.54              1.98                 86.08                11                 6988          38   211    27   2    0    0   
  323_sub.contigs           c__Gammaproteobacteria (UID4274)      112         581           290           91.77           22.80               9.46               8223027                0               1104         1104           9136             9136                  7448                       7448                    55117                  55117          46.66              3.98                 84.49                11                 8959          44   458    56   16   2    5   
  metabat.228.contigs          p__Cyanobacteria (UID2192)          79         584           458           91.74            3.18              50.00               7687893                0               1071         1071           8735             8735                  7178                       7178                    41415                  41415          35.51              2.66                 79.72                11                 7758          42   524    17   1    0    0   
  maxbin.0082_sub.contigs         k__Bacteria (UID203)            5449        104            58           91.30           22.13               3.57               3742607                0               1694         1694           2369             2369                  2209                       2209                    30503                  30503          43.26              7.04                 83.64                11                 4819          12    68    22   2    0    0   
  320_sub.contigs           c__Gammaproteobacteria (UID4267)      119         544           284           91.29           88.64              16.20               7461866                0               1288         1288           7306             7306                  5793                       5793                    47125                  47125          60.39              2.59                 92.13                11                 8182          66   183   199   76   16   4   
  metabat.412_sub.contigs         k__Bacteria (UID203)            5449        104            58           91.22           32.41              10.00               6333012                0               854          854           11258            11258                  7415                       7415                    101432                 101432         62.60              2.33                 89.72                11                 6697          10    62    28   4    0    0   
  metabat.40.contigs        c__Gammaproteobacteria (UID4274)      112         581           290           91.12            4.58              69.23               2549608                0               321          321           10259            10259                  7942                       7942                    56338                  56338          38.80              1.66                 88.81                11                 2902          46   509    26   0    0    0   
  metabat.278_sub.contigs   c__Gammaproteobacteria (UID4444)      263         506           232           91.11           48.31               8.33               7829464                0               1334         1334           6791             6791                  5869                       5869                    53480                  53480          61.75              1.92                 91.75                11                 7973          62   265   147   28   3    1   
  metabat.72.contigs        c__Alphaproteobacteria (UID3305)      564         349           230           91.03            6.54              47.06               5253042                0               563          563           12288            12288                  9330                       9330                    75644                  75644          61.01              2.45                 89.14                11                 5337          29   303    17   0    0    0   
  metabat.371_sub.contigs   c__Alphaproteobacteria (UID3337)      468         388           250           90.85            8.04              26.67               4129440                0               614          614            8101             8101                  6725                       6725                    36041                  36041          60.31              2.27                 91.09                11                 4577          41   321    24   2    0    0   
  metabat.142.contigs       c__Gammaproteobacteria (UID4202)       67         481           276           90.82            9.13              30.61               4293373                0               412          412           15092            15092                 10420                      10420                    77006                  77006          57.01              1.88                 92.79                11                 4174          33   408    37   2    1    0   
  metabat.91_sub.contigs         k__Bacteria (UID2565)            2921        140            85           90.20            6.06              62.50               7687679                0               1073         1073           8891             8891                  7164                       7164                    42121                  42121          50.85              1.38                 86.16                11                 7117          12   120    8    0    0    0   
  43_sub.contigs                  k__Bacteria (UID203)            5449        104            58           89.97           44.75               2.50               5765402                0               654          654            9897             9897                  8815                       8815                    41350                  41350          57.04              2.35                 89.43                11                 6255          14    54    34   2    0    0   
  metabat.295.contigs       c__Alphaproteobacteria (UID3305)      564         349           230           89.93            7.88              13.79               5512819                0               606          606           11924            11924                  9097                       9097                    52315                  52315          67.41              2.19                 89.54                11                 5725          36   288    23   2    0    0   
  49_sub.contigs                 k__Bacteria (UID3187)            2258        188           117           89.82           15.60              20.69               10665910               0               1879         1879           7286             7286                  5676                       5676                    43907                  43907          57.58              2.55                 85.82                11                11709          23   144    17   4    0    0   
  metabat.299.contigs       c__Alphaproteobacteria (UID3305)      564         349           230           89.46           26.47              16.16               11097643               0               1716         1716           7640             7640                  6467                       6467                    74311                  74311          61.74              2.55                 84.33                11                11621          42   232    66   7    2    0   
  metabat.254.contigs            s__algicola (UID2846)             47         571           303           89.35            4.75              23.81               3040312                0               354          354           12464            12464                  8588                       8588                    48560                  48560          41.78              1.25                 93.37                11                 3072          65   468    36   2    0    0   
  metabat.424.contigs            k__Bacteria (UID3187)            2258        188           117           88.82            6.84              37.50               5893900                0               694          694           11124            11124                  8492                       8492                    41819                  41819          59.14              1.10                 88.54                11                 5178          19   161    8    0    0    0   
  metabat.3.contigs         c__Gammaproteobacteria (UID4267)      119         544           284           88.79            6.50              40.00               3190465                0               368          368           11243            11243                  8669                       8669                    96216                  96216          44.41              2.22                 86.38                11                 3222          47   468    26   3    0    0   
  metabat.275_sub.contigs   c__Alphaproteobacteria (UID3305)      564         349           230           88.68           34.72              11.85               7466130                0               1335         1335           6286             6286                  5592                       5592                    45879                  45879          64.62              2.81                 86.39                11                 8074          39   211    84   13   2    0   
  metabat.21.contigs        c__Deltaproteobacteria (UID3216)       83         247           155           88.66            8.94              15.79               4965613                0               509          509           12969            12969                  9755                       9755                    75066                  75066          67.89              1.57                 92.46                11                 5194          27   203    16   1    0    0   
  metabat.448_sub.contigs    f__Rhodobacteraceae (UID3356)         67         617           330           88.63            2.97              70.00               3750283                0               422          422           11262            11262                  8886                       8886                    63665                  63665          56.95              1.71                 89.77                11                 4061          77   522    17   1    0    0   
  maxbin.0090_sub.contigs   c__Deltaproteobacteria (UID3216)       83         247           155           88.60           22.92               7.58               7774773                0               1936         1936           6346             6346                  4015                       4015                    50320                  50320          46.83              4.20                 83.00                11                 8240          21   177    42   6    1    0   
  metabat.426.contigs       c__Alphaproteobacteria (UID3305)      564         349           230           88.46            6.56              23.08               3865418                0               605          605            7432             7432                  6389                       6389                    31520                  31520          63.91              2.31                 89.81                11                 4161          34   295    17   3    0    0   
  metabat.442.contigs            k__Bacteria (UID1453)            901         171           117           88.03            1.71               0.00               2866178                0               375          375            9549             9549                  7643                       7643                    48325                  48325          63.47              0.99                 93.35                11                 3158          18   150    3    0    0    0   
  metabat.128_sub.contigs     p__Proteobacteria (UID3880)         1495        261           164           87.97           12.04               0.00               6914093                0               1039         1039           8833             8833                  6654                       6654                    57061                  57061          56.15              2.56                 86.82                11                 7321          33   197    28   3    0    0   
  metabat.268.contigs            s__algicola (UID2846)             47         571           303           87.49            8.71              26.00               3336438                0               430          430           10756            10756                  7759                       7759                    54551                  54551          33.87              2.26                 91.61                11                 3470          74   455    38   4    0    0   
  metabat.316_sub.contigs   c__Gammaproteobacteria (UID4274)      112         581           290           86.99           12.43               6.41               4836989                0               848          848            6631             6631                  5703                       5703                    34836                  34836          59.81              2.04                 86.25                11                 5068          73   450    48   10   0    0   
  metabat.337.contigs       c__Deltaproteobacteria (UID3216)       83         247           155           86.88           16.21              41.51               5946884                0               717          717           11155            11155                  8294                       8294                    62973                  62973          61.47              1.09                 92.67                11                 5956          24   180    38   5    0    0   
  maxbin.0537_sub.contigs   c__Deltaproteobacteria (UID3216)       83         247           155           86.88           27.26              10.39               9722800                0               3206         3206           3856             3856                  3032                       3032                    37188                  37188          46.28              5.13                 79.80                11                11348          29   153    59   6    0    0   
  metabat.280_sub.contigs   c__Gammaproteobacteria (UID4274)      112         581           290           86.49            5.86               9.68               4719102                0               811          811            6690             6690                  5818                       5818                    34337                  34337          60.63              3.77                 85.33                11                 5060         109   443    28   1    0    0   
  metabat.129.contigs            k__Bacteria (UID3187)            2258        181           110           86.41            1.19              50.00               2788722                0               501          501            6176             6176                  5566                       5566                    20078                  20078          43.99              2.51                 87.38                11                 3239          33   142    6    0    0    0   
  metabat.284.contigs       c__Alphaproteobacteria (UID3305)      564         349           230           86.38            9.79              37.50               4145527                0               595          595            8349             8349                  6967                       6967                    39698                  39698          65.94              2.08                 89.18                11                 4345          62   249    37   1    0    0   
  metabat.459.contigs       c__Deltaproteobacteria (UID3216)       83         247           155           86.34            1.58              66.67               3924920                0               492          492            9976             9976                  7977                       7977                    51057                  51057          48.66              2.03                 84.99                11                 3888          29   212    6    0    0    0   
  metabat.375_sub.contigs         k__Bacteria (UID203)            5449        104            58           86.21            3.76               0.00               2262579                0               164          164           22330            22330                 13796                      13796                    93103                  93103          50.73              1.71                 91.56                11                 2412          22    68    14   0    0    0   
  metabat.171.contigs            k__Bacteria (UID2495)            2993        147            91           86.08            7.96              54.55               2886393                0               574          574            5091             5091                  5028                       5028                    27479                  27479          63.11              1.55                 92.87                11                 3098          14   122    11   0    0    0   
  metabat.37.contigs        c__Alphaproteobacteria (UID3305)      564         349           230           86.02           18.03              22.41               5314385                0               904          904            6796             6796                  5878                       5878                    32620                  32620          63.59              2.44                 89.22                11                 5695          38   257    52   2    0    0   
  metabat.438.contigs       c__Gammaproteobacteria (UID4267)      119         544           284           85.69           13.26              14.08               3753616                0               599          599            7537             7537                  6266                       6266                    56647                  56647          58.59              3.00                 94.04                11                 3959          78   403    59   4    0    0   
  metabat.158.contigs            k__Bacteria (UID3187)            2258        190           119           85.62            1.77               0.00               1997538                0               320          320            7145             7145                  6242                       6242                    32186                  32186          61.28              2.36                 90.97                11                 2139          36   150    4    0    0    0   
  metabat.261.contigs       c__Gammaproteobacteria (UID4267)      119         544           284           85.60            5.84              17.24               3217942                0               467          467            7818             7818                  6890                       6890                    33007                  33007          51.91              2.60                 87.27                11                 3369          76   443    23   2    0    0   
  metabat.441.contigs            s__algicola (UID2846)             47         571           303           85.43            9.60              26.67               2942695                0               407          407            8805             8805                  7230                       7230                    34405                  34405          35.59              1.33                 92.01                11                 3106          75   446    45   5    0    0   
  metabat.373.contigs       c__Gammaproteobacteria (UID4274)      112         581           290           85.26            6.05              16.22               2477463                0               329          329            9654             9654                  7530                       7530                    39070                  39070          39.08              1.60                 89.15                11                 2823         103   443    34   1    0    0   
  maxbin.0066_sub.contigs   c__Deltaproteobacteria (UID3216)       83         247           155           85.20           17.84              12.82               9021674                0               2318         2318           5667             5667                  3892                       3892                    34637                  34637          49.48              4.58                 82.49                11                 9653          32   180    33   2    0    0   
  metabat.168_sub.contigs         k__Bacteria (UID203)            5449        102            56           84.81           17.13               4.17               5355349                0               996          996            6153             6153                  5376                       5376                    26417                  26417          49.07              4.16                 84.13                11                 5385          24    59    18   0    1    0   
  metabat.215.contigs           o__Rhizobiales (UID3447)          356         416           249           84.70            4.05              29.41               3307093                0               532          532            7151             7151                  6216                       6216                    33404                  33404          61.79              2.17                 90.05                11                 3588          77   322    17   0    0    0   
  maxbin.0268_sub.contigs        k__Bacteria (UID1453)            901         171           117           84.62           34.12               5.08               6353667                0               2663         2663           2683             2683                  2385                       2385                    14081                  14081          65.99              4.34                 92.13                11                 7799          37    94    32   7    1    0   
  metabat.102.contigs            k__Bacteria (UID3187)            2258        188           117           84.40           11.97               5.00               6834818                0               1392         1392           5020             5020                  4910                       4910                    26469                  26469          54.86              2.08                 86.52                11                 7260          19   158    8    2    1    0   
  metabat.219_sub.contigs   c__Alphaproteobacteria (UID3305)      564         349           230           84.24            5.90              33.33               5119976                0               774          774            7832             7832                  6614                       6614                    40632                  40632          62.43              3.00                 88.39                11                 5382          58   273    18   0    0    0   
  metabat.241.contigs              k__Archaea (UID2)              207         149           107           84.11            3.81               0.00               2016532                0               300          300            7775             7775                  6721                       6721                    47316                  47316          43.66              2.19                 86.94                11                 2335          20   124    4    1    0    0   
  maxbin.0539_sub.contigs     p__Proteobacteria (UID3214)         2231        190           119           84.00           21.62               6.52               5236648                0               1040         1040           9156             9156                  5035                       5035                    52517                  52517          61.99              3.20                 91.08                11                 5563          52   110    24   2    1    1   
  metabat.225_sub.contigs         k__Bacteria (UID203)            5449        104            58           83.23           10.20               0.00               5669098                0               787          787           10686            10686                  7203                       7203                    65675                  65675          61.76              1.62                 89.32                11                 6114          19    65    20   0    0    0   
  metabat.239_sub.contigs   c__Gammaproteobacteria (UID4267)      119         544           284           83.10           36.07              30.17               5517909                0               1016         1016           5971             5971                  5431                       5431                    29026                  29026          59.58              1.87                 84.27                11                 6061          79   291   153   17   3    1   
  128_sub.contigs           c__Gammaproteobacteria (UID4267)      119         544           284           82.93           59.09               1.06               6468678                0               727          727           10171            10171                  8897                       8897                    70801                  70801          62.05              2.40                 91.27                11                 6408          88   245   150   49   10   2   
  metabat.450.contigs              k__Archaea (UID2)              207         149           107           82.87            6.15              50.00               3072140                0               431          431            8656             8656                  7127                       7127                    45399                  45399          45.99              1.32                 90.97                11                 3386          26   115    7    1    0    0   
  metabat.98.contigs            o__Rhizobiales (UID3447)          356         416           249           82.63            3.60               6.25               3881264                0               584          584            7955             7955                  6646                       6646                    41086                  41086          51.15              3.19                 86.43                11                 4020          72   330    13   1    0    0   
  metabat.457.contigs        f__Rhodobacteraceae (UID3340)         84         568           330           82.59           11.25              46.05               4017057                0               723          723            6003             6003                  5556                       5556                    55229                  55229          59.81              1.87                 90.63                11                 4619          96   406    61   5    0    0   
  metabat.285_sub.contigs   c__Gammaproteobacteria (UID4274)      112         581           290           82.58            4.91              34.78               3440341                0               550          550            7559             7559                  6255                       6255                    37073                  37073          57.34              3.10                 86.27                11                 3458          91   467    23   0    0    0   
  229_sub.contigs           c__Deltaproteobacteria (UID3216)       83         247           155           82.57           56.02               0.71               6550386                0               1688         1688           4162             4162                  3880                       3880                    22578                  22578          65.15              2.23                 94.04                11                 7209          40   116    69   20   2    0   
  metabat.340.contigs       c__Gammaproteobacteria (UID4267)      119         544           284           82.37            4.07              55.56               2266851                0               304          304            9474             9474                  7456                       7456                    41164                  41164          46.01              1.98                 87.88                11                 2272         102   424    18   0    0    0   
  46.contigs                c__Alphaproteobacteria (UID3305)      564         349           230           82.33            7.68              28.57               4732039                0               1031         1031           5669             5669                  4589                       4589                    25436                  25436          66.79              2.57                 88.38                11                 5342          63   258    28   0    0    0   
  metabat.121.contigs       c__Gammaproteobacteria (UID4267)      119         544           284           82.30           15.98              11.90               5260625                0               942          942            6292             6292                  5584                       5584                    25044                  25044          61.40              1.58                 91.21                11                 5727         107   371    57   9    0    0   
  metabat.27.contigs           o__Cytophagales (UID2936)           47         454           336           82.24            2.53               9.09               4085706                0               679          679            6927             6927                  6017                       6017                    37834                  37834          45.05              1.72                 92.20                11                 4230          70   375    8    1    0    0   
  metabat.427_sub.contigs   c__Deltaproteobacteria (UID3216)       83         247           155           82.14            4.00              27.27               5248055                0               834          834            7239             7239                  6292                       6292                    40025                  40025          58.48              3.24                 85.48                11                 5192          56   180    11   0    0    0   
  metabat.62.contigs        c__Gammaproteobacteria (UID4443)      356         451           270           82.04           12.41               6.90               5147239                0               779          779            8136             8136                  6607                       6607                    37834                  37834          63.94              1.40                 92.29                11                 5504          68   335    43   5    0    0   
  metabat.179.contigs            k__Bacteria (UID1453)            901         171           117           81.88            7.91               5.26               3676982                0               664          664            6085             6085                  5537                       5537                    30894                  30894          63.01              1.12                 92.44                11                 4065          30   124    16   1    0    0   
  metabat.16.contigs        c__Gammaproteobacteria (UID4267)      119         544           284           81.48           13.90              38.82               3001675                0               529          529            6423             6423                  5674                       5674                    28930                  28930          61.00              1.42                 93.03                11                 3197          92   377    70   5    0    0   
  metabat.218.contigs       c__Gammaproteobacteria (UID4267)      119         544           284           81.15           16.69               2.17               7206454                0               1217         1217           7058             7058                  5921                       5921                    27596                  27596          64.60              2.05                 87.99                11                 7403          94   374    68   8    0    0   
  metabat.336.contigs       c__Deltaproteobacteria (UID3216)       83         247           155           80.19           11.99              15.62               6109372                0               1025         1025           6646             6646                  5960                       5960                    32851                  32851          48.71              2.34                 84.28                11                 6050          46   175    23   3    0    0   
  metabat.397.contigs       c__Alphaproteobacteria (UID3305)      564         349           230           80.03           15.87              16.46               4782352                0               659          659            8947             8947                  7256                       7256                    42471                  42471          66.66              2.28                 88.65                11                 4928          61   240    36   11   0    1   
  326_sub.contigs                k__Bacteria (UID3187)            2258        190           119           79.89           35.69               0.00               7557144                0               1211         1211           6911             6911                  6240                       6240                    26717                  26717          69.06              2.31                 90.94                11                 7890          43    96    46   5    0    0   
  metabat.57_sub.contigs        o__Rhizobiales (UID3447)          356         416           249           79.89            8.28              19.51               4112762                0               686          686            7269             7269                  5995                       5995                    30039                  30039          58.20              3.21                 90.14                11                 4461          90   294    31   0    0    1   
  metabat.155.contigs       c__Gammaproteobacteria (UID4444)      263         503           230           79.73            7.25              14.89               3605727                0               467          467           10174            10174                  7721                       7721                    29978                  29978          63.36              1.52                 93.01                11                 3636         125   341    32   5    0    0   
  metabat.263.contigs       c__Gammaproteobacteria (UID4267)      119         544           284           79.61            6.51              26.09               3627803                0               515          515            8785             8785                  7044                       7044                    46535                  46535          58.34              1.57                 92.22                11                 3851         110   401    28   4    1    0   
  metabat.101.contigs       c__Gammaproteobacteria (UID4267)      119         544           284           79.33            4.46               8.00               3679655                0               427          427           12792            12792                  8617                       8617                    54033                  54033          60.42              1.45                 91.87                11                 3637         108   415    19   2    0    0   
  metabat.399.contigs       c__Deltaproteobacteria (UID3216)       83         247           155           79.16            4.97              50.00               4349206                0               436          436           13500            13500                  9975                       9975                    75828                  75828          70.31              2.21                 91.79                11                 4575          74   163    10   0    0    0   
  metabat.191.contigs       c__Gammaproteobacteria (UID4267)      119         544           284           78.05            5.11              50.00               3006097                0               568          568            5671             5671                  5292                       5292                    25812                  25812          64.13              1.91                 92.25                11                 3236         100   418    25   1    0    0   
  metabat.157.contigs       c__Deltaproteobacteria (UID3216)       83         247           155           77.36           15.86               2.50               5274041                0               989          989            5861             5861                  5332                       5332                    33842                  33842          54.33              2.58                 87.08                11                 5429          49   164    31   3    0    0   
  metabat.329_sub.contigs        k__Bacteria (UID3187)            2258        181           110           77.07            9.00              37.50               3195723                0               492          492            7860             7860                  6495                       6495                    41438                  41438          54.48              3.84                 84.17                11                 3276          50   119    10   2    0    0   
  metabat.6.contigs                k__Archaea (UID2)              207         145           103           76.47            8.22              66.67               1309373                0               265          265            5340             5340                  4941                       4941                    20946                  20946          33.43              1.93                 87.79                11                 1862          35    97    12   1    0    0   
  metabat.51.contigs             s__algicola (UID2846)             47         571           303           76.07            7.43              69.70               2282587                0               430          430            5593             5593                  5308                       5308                    26376                  26376          42.52              1.40                 92.73                11                 2476         138   400    33   0    0    0   
  metabat.266.contigs       c__Deltaproteobacteria (UID3216)       83         247           155           75.84            3.39              72.97               3486102                0               474          474            9150             9150                  7354                       7354                    64279                  64279          63.35              1.44                 93.89                11                 3593          55   174    10   7    1    0   
  metabat.376.contigs          p__Cyanobacteria (UID2192)          79         584           458           75.64            5.09              30.43               4532588                0               1001         1001           4724             4724                  4528                       4528                    18572                  18572          39.62              2.12                 83.26                11                 4848         137   417    22   8    0    0   
  metabat.124.contigs            s__algicola (UID2846)             47         571           303           74.05            3.44              65.22               2528875                0               150          150           27523            27523                 16859                      16859                    88185                  88185          43.54              1.23                 92.16                11                 2381         128   420    23   0    0    0   
  metabat.417.contigs              k__Archaea (UID2)              207         145           103           73.35           12.62              35.00               1343773                0               225          225            6929             6929                  5972                       5972                    28100                  28100          34.18              3.75                 89.46                11                 1842          39    90    14   2    0    0   
  maxbin.0370_sub.contigs        k__Bacteria (UID2565)            2921        140            85           72.92           26.34              21.62               7828747                0               1523         1523           6819             6819                  5140                       5140                    37401                  37401          59.08              2.17                 90.57                11                 6703          33    80    22   5    0    0   
  209_sub.contigs                k__Bacteria (UID2982)             88         229           147           72.75            3.78              28.57               4056706                0               1289         1289           3509             3509                  3147                       3147                    15589                  15589          61.07              1.78                 91.66                11                 4242          66   156    7    0    0    0   
  metabat.315_sub.contigs   c__Deltaproteobacteria (UID3216)       83         247           155           72.47            4.73              40.00               5608006                0               854          854            7601             7601                  6566                       6566                    32676                  32676          50.10              1.93                 84.66                11                 5395          74   165    7    1    0    0   
  metabat.217.contigs       c__Alphaproteobacteria (UID3305)      564         349           230           72.46            5.91               0.00               3617783                0               685          685            5942             5942                  5281                       5281                    32301                  32301          63.34              2.38                 88.93                11                 4003         108   219    22   0    0    0   
  metabat.372.contigs          p__Cyanobacteria (UID2192)          79         584           458           72.15            2.51              16.67               5415942                0               885          885            6810             6810                  6119                       6119                    23224                  23224          36.17              2.20                 73.66                11                 5026         162   410    12   0    0    0   
  metabat.292_sub.contigs   c__Gammaproteobacteria (UID4274)      112         581           290           72.12            8.99              56.86               3409756                0               710          710            5065             5065                  4802                       4802                    24672                  24672          62.90              2.30                 88.33                11                 3639         156   382    39   4    0    0   
  metabat.443.contigs            k__Bacteria (UID1453)            901         171           117           71.17            6.75              20.00               2127332                0               440          440            4900             4900                  4834                       4834                    31651                  31651          66.26              1.27                 93.40                11                 2474          46   115    10   0    0    0   
  metabat.245.contigs       c__Deltaproteobacteria (UID3216)       83         247           155           71.09            9.08               8.00               4733036                0               926          926            5495             5495                  5111                       5111                    31902                  31902          49.07              2.30                 80.76                11                 5048          64   164    16   3    0    0   
  metabat.366.contigs       c__Gammaproteobacteria (UID4443)      356         451           270           70.98            9.54               4.65               5082450                0               1025         1025           5493             5493                  4958                       4958                    25883                  25883          66.20              1.62                 92.15                11                 5398         128   293    25   4    1    0   
  metabat.216.contigs       c__Alphaproteobacteria (UID3305)      564         349           230           70.73            8.50              14.71               4363846                0               633          633            8724             8724                  6893                       6893                    57990                  57990          63.77              2.83                 88.15                11                 4582         102   217    28   2    0    0   
  metabat.88_sub.contigs         k__Bacteria (UID2495)            2993        147            91           70.50           17.95               0.00               8194126                0               1746         1746           4860             4860                  4693                       4693                    25940                  25940          69.50              2.10                 91.84                11                 8899          53    75    17   2    0    0   
  metabat.134.contigs       c__Alphaproteobacteria (UID3305)      564         349           230           70.49           13.84               2.22               4706929                0               963          963            5162             5162                  4887                       4887                    23536                  23536          67.12              1.86                 90.87                11                 5314         110   200    36   3    0    0   
  metabat.160.contigs              k__Archaea (UID2)              207         149           107           69.95            1.87               0.00                962675                0               208          208            4701             4701                  4628                       4628                    21066                  21066          36.79              1.87                 89.33                11                 1157          42   105    2    0    0    0   
  metabat.411.contigs              k__Archaea (UID2)              207         145           103           69.42           22.33               6.98               1044232                0               282          282            3661             3661                  3702                       3702                    10096                  10096          32.22              2.02                 87.27                11                 1379          51    66    22   5    1    0   
  metabat.231.contigs            k__Bacteria (UID2565)            2921        142            87           69.23            6.43              12.50               5850085                0               1324         1324           4535             4535                  4418                       4418                    19543                  19543          61.79              1.53                 88.28                11                 5449          40    94    8    0    0    0   
  metabat.273.contigs       c__Alphaproteobacteria (UID3305)      564         348           229           69.13            7.64              28.57               2901586                0               382          382            9768             9768                  7595                       7595                    43096                  43096          63.77              1.51                 92.08                11                 3154          89   233    25   1    0    0   
  136_sub.contigs            o__Rhodospirillales (UID3754)         63         336           201           68.44            2.89               5.56               2266289                0               781          781            3179             3179                  2901                       2901                    11638                  11638          53.49              3.20                 91.75                11                 2857         100   220    15   1    0    0   
  metabat.7_sub.contigs     c__Alphaproteobacteria (UID3305)      564         349           230           68.38           24.00              12.87               6641233                0               1300         1300           5517             5517                  5108                       5108                    29374                  29374          61.56              1.95                 89.78                11                 7460         103   192    41   9    3    1   
  metabat.78.contigs             k__Bacteria (UID2565)            2921        140            85           67.49            4.12              25.00               6405722                0               1216         1216           5836             5836                  5267                       5267                    25252                  25252          57.38              1.10                 88.22                11                 5502          48    88    4    0    0    0   
  metabat.213_sub.contigs   c__Deltaproteobacteria (UID3216)       83         247           155           67.17            7.91              21.74               3379633                0               694          694            5337             5337                  4869                       4869                    30553                  30553          42.84              2.81                 84.65                11                 3699          79   145    23   0    0    0   
  317_sub.contigs           c__Alphaproteobacteria (UID3305)      564         349           230           67.14            1.74              16.67               3761686                0               339          339           12626            12626                 11096                      11096                    42614                  42614          63.42              2.15                 90.25                11                 3796         108   235    6    0    0    0   
  metabat.76.contigs        c__Gammaproteobacteria (UID4267)      119         544           284           67.01            4.74              11.11               3600972                0               767          767            4852             4852                  4694                       4694                    40973                  40973          61.78              2.85                 85.45                11                 3806         168   353    21   2    0    0   
  102_sub.contigs                k__Bacteria (UID2565)            2921        142            87           66.07            4.28              18.18               4099050                0               1128         1128           3980             3980                  3633                       3633                    14809                  14809          55.88              3.18                 88.22                11                 4216          47    84    11   0    0    0   
  metabat.440.contigs       c__Alphaproteobacteria (UID3305)      564         349           230           65.80           12.05              19.05               3644497                0               827          827            4466             4466                  4406                       4406                    22208                  22208          67.83              2.35                 89.82                11                 4193         107   204    36   2    0    0   
  60_sub.contigs            c__Deltaproteobacteria (UID3216)       83         247           155           65.72            0.54              50.00               2368858                0               767          767            3386             3386                  3088                       3088                    12433                  12433          54.88              3.23                 88.23                11                 2673          77   166    4    0    0    0   
  maxbin.0666_sub.contigs         k__Bacteria (UID203)            5449        103            57           65.65           35.49               2.86               6242219                0               3983         3983           1573             1573                  1567                       1567                     6098                   6098          57.25              5.88                 88.43                11                 8380          35    41    23   4    0    0   
  metabat.100.contigs       c__Gammaproteobacteria (UID4274)      112         581           290           62.11           11.19              78.87               1918964                0               395          395            5204             5204                  4858                       4858                    18485                  18485          39.03              2.05                 90.13                11                 2257         211   309    56   5    0    0   
  metabat.410.contigs           o__Rhizobiales (UID3447)          356         416           249           61.97            3.65              16.67               2918592                0               634          634            4762             4762                  4603                       4603                    21074                  21074          61.89              3.70                 89.97                11                 3295         144   254    18   0    0    0   
  metabat.325.contigs              k__Archaea (UID2)              207         145           103           61.81           10.68              30.77               1286748                0               310          310            4156             4156                  4150                       4150                    19818                  19818          33.02              2.67                 91.30                11                 1777          65    69    10   1    0    0   
  metabat.9.contigs              k__Bacteria (UID1453)            901         171           117           61.80            2.33              20.00               2664499                0               538          538            5301             5301                  4952                       4952                    22436                  22436          64.46              1.27                 93.59                11                 2989          65   101    5    0    0    0   
  metabat.272.contigs       c__Deltaproteobacteria (UID3216)       83         247           155           59.87            0.97              50.00               2931905                0               609          609            5064             5064                  4814                       4814                    18456                  18456          55.04              2.07                 87.29                11                 3097          97   148    2    0    0    0   
  maxbin.0063_sub.contigs   c__Gammaproteobacteria (UID4267)      119         544           284           59.83           18.27               0.90               3119807                0               1976         1976           1526             1526                  1578                       1578                    26300                  26300          51.49              8.26                 87.18                11                 4497         204   257    74   7    1    1   
  maxbin.0352_sub.contigs        k__Bacteria (UID2570)            433         274           183           59.38           18.97               1.47               6320125                0               3435         3435           1760             1760                  1839                       1839                    36341                  36341          49.73             11.40                 84.14                11                 8806          93   129    47   3    2    0   
  325_sub.contigs                k__Bacteria (UID1452)            924         163           110           58.63           16.67               7.41               2976497                0               935          935            3380             3380                  3183                       3183                    10645                  10645          56.51              3.18                 90.41                11                 3352          69    73    18   3    0    0   
  240_sub.contigs           c__Deltaproteobacteria (UID3216)       83         247           155           58.57            8.23              26.32               2951025                0               380          380            8461             8461                  7765                       7765                    34746                  34746          49.47              2.35                 86.56                11                 3074          91   142    13   0    1    0   
  maxbin.0390_sub.contigs   c__Deltaproteobacteria (UID3216)       83         247           155           57.96           16.07               0.00               5313579                0               2627         2627           2099             2099                  2022                       2022                    12110                  12110          50.63              6.18                 84.92                11                 6901         104   112    25   6    0    0   
  metabat.229.contigs       c__Alphaproteobacteria (UID3305)      564         349           230           56.95            0.67              33.33               2679052                0               592          592            4690             4690                  4525                       4525                    18820                  18820          66.07              2.34                 91.63                11                 3117         146   200    3    0    0    0   
  metabat.287_sub.contigs   c__Deltaproteobacteria (UID3217)       62         280           168           56.94           11.88               5.88               2816933                0               692          692            4078             4078                  4070                       4070                    16026                  16026          48.18              3.90                 86.44                11                 3194         123   127    28   2    0    0   
  maxbin.0467_sub.contigs   c__Gammaproteobacteria (UID4267)      119         544           284           55.95           26.90              11.25               4683921                0               1194         1194           6046             6046                  3922                       3922                    57578                  57578          59.67              4.35                 91.28                11                 5189         227   212    85   15   5    0   
  metabat.82_sub.contigs         s__algicola (UID2846)             47         571           303           55.90            2.45              20.00               2206117                0               529          529            4211             4211                  4170                       4170                    12800                  12800          39.07              1.76                 89.09                11                 2516         236   320    15   0    0    0   
  113_sub.contigs           c__Gammaproteobacteria (UID4267)      119         544           284           54.28            2.52              23.53               2040224                0               761          761            2881             2881                  2680                       2680                    11575                  11575          59.02              2.75                 88.92                11                 2463         233   294    17   0    0    0   
  maxbin.0562_sub.contigs         k__Bacteria (UID203)            5449        103            57           54.07           19.78              21.88               5124219                0               2124         2124           2707             2707                  2412                       2412                    23522                  23522          54.56              4.11                 85.00                11                 6224          35    48    14   6    0    0   
  metabat.384.contigs       c__Alphaproteobacteria (UID3305)      564         349           230           52.85            2.87               0.00               3421955                0               757          757            4609             4609                  4520                       4520                    16352                  16352          59.67              2.69                 89.54                11                 3855         160   177    12   0    0    0   
  72.contigs                     k__Bacteria (UID2570)            433         274           183           50.37            2.09               0.00               1774158                0               776          776            2583             2583                  2286                       2286                    20411                  20411          43.12              6.76                 79.38                11                 2152         110   159    5    0    0    0   
  metabat.24.contigs           o__Cytophagales (UID2936)           47         454           336           48.52            2.82               6.25               3040993                0               707          707            4511             4511                  4301                       4301                    18997                  18997          39.44              1.85                 89.06                11                 3104         215   223    16   0    0    0   
  267_sub.contigs           c__Gammaproteobacteria (UID4444)      263         506           232           48.36           19.20              26.67               3960557                0               1227         1227           3548             3548                  3227                       3227                    21465                  21465          56.45              3.33                 85.31                11                 4841         239   192    60   10   5    0   
  metabat.41.contigs             k__Bacteria (UID3187)            2258        181           110           46.00            3.33              20.00               1347228                0               341          341            4023             4023                  3950                       3950                    11371                  11371          43.09              2.10                 88.26                11                 1544          80    96    5    0    0    0   
  metabat.341.contigs            k__Bacteria (UID2565)            2921        144            89           43.67            2.88              20.00               2319897                0               633          633            3603             3603                  3664                       3664                    14635                  14635          64.84              1.27                 88.42                11                 2079          63    76    5    0    0    0   
  metabat.308.contigs            k__Bacteria (UID2565)            2921        142            87           40.23            2.40               0.00               2838884                0               715          715            3961             3961                  3970                       3970                    15624                  15624          60.77              1.42                 89.59                11                 2672          76    62    4    0    0    0   
  maxbin.0113_sub.contigs        k__Bacteria (UID3187)            2258        190           119           37.92            3.89               0.00               2726195                0               923          923            3511             3511                  2953                       2953                    23102                  23102          63.89              3.61                 89.98                11                 3034         106    77    4    2    1    0   
  metabat.297_sub.contigs   c__Deltaproteobacteria (UID3217)       62         280           168           31.04            1.49              20.00                736966                0               207          207            3460             3460                  3560                       3560                    10504                  10504          44.61              3.44                 85.01                11                 823          180    97    2    1    0    0   
  metabat.294_sub.contigs   c__Gammaproteobacteria (UID4443)      356         451           270           30.55            3.10               7.69               1555708                0               237          237            8002             8002                  6564                       6564                    28820                  28820          60.08              1.56                 91.90                11                 1585         271   167    13   0    0    0   
  140_sub.contigs                s__algicola (UID2846)             47         571           303           29.90            1.08              71.43               1385000                0               185          185            7843             7843                  7486                       7486                    30997                  30997          45.04              2.08                 92.90                11                 1394         356   208    7    0    0    0   
  metabat.193_sub.contigs   c__Gammaproteobacteria (UID4444)      263         503           230           29.45            3.94              25.00               2279765                0               618          618            3577             3577                  3688                       3688                    13056                  13056          59.55              3.17                 89.95                11                 2496         332   155    14   2    0    0   
-------------------------------------------------------------------------------------------------------------------------------------------------------------------------------------------------------------------------------------------------------------------------------------------------------------------------------------------------------------------------------------------------------------------------------------------------------------------------------------------------
